Scaler Spec Scale:
[1.00000000e+00, 1.00000000e+00, 6.80196604e-09, 1.00000000e+00,
 1.49683383e-08, 1.00000000e+00, 4.20917999e-08, 1.00000000e+00,
 9.37582531e-08, 1.00000000e+00, 1.75979414e-07, 1.00000000e+00,
 2.92586829e-07, 1.00000000e+00, 4.63826095e-07, 1.00000000e+00,
 8.46294618e-07, 1.00000000e+00, 1.89440661e-06, 1.00000000e+00,
 4.14293828e-06, 1.00000000e+00, 8.66502860e-06, 1.00000000e+00,
 2.09998501e-05, 1.00000000e+00, 4.12661339e-05, 1.00000000e+00,
 6.63649196e-05, 1.00000000e+00, 1.03833909e-04, 1.00000000e+00,
 1.57251987e-04, 1.00000000e+00, 2.29577321e-04, 1.00000000e+00,
 3.21922152e-04, 1.00000000e+00, 4.24542110e-04, 1.00000000e+00,
 5.06692756e-04, 1.00000000e+00, 5.67722529e-04, 1.00000000e+00,
 6.27534886e-04, 1.00000000e+00, 6.83682636e-04, 1.00000000e+00,
 7.33384666e-04, 1.00000000e+00, 7.60062178e-04, 1.00000000e+00,
 7.82442796e-04, 1.00000000e+00, 8.00185578e-04, 1.00000000e+00,
 8.09635717e-04, 1.00000000e+00, 8.12009610e-04, 1.00000000e+00,
 8.12069070e-04, 1.00000000e+00, 8.09690936e-04, 1.00000000e+00,
 8.04768895e-04, 1.00000000e+00, 7.97163961e-04, 1.00000000e+00,
 7.86765472e-04, 1.00000000e+00, 7.73487988e-04, 1.00000000e+00,
 7.57221721e-04, 1.00000000e+00, 7.37872636e-04, 1.00000000e+00,
 7.15395249e-04, 1.00000000e+00, 6.89707829e-04, 1.00000000e+00,
 6.60757331e-04, 1.00000000e+00, 6.28525113e-04, 1.00000000e+00,
 5.92987706e-04, 1.00000000e+00, 5.69173262e-04, 1.00000000e+00,
 5.49131370e-04, 1.00000000e+00, 5.28265740e-04, 1.00000000e+00,
 5.06572263e-04, 1.00000000e+00, 4.84079066e-04, 1.00000000e+00,
 4.60752971e-04, 1.00000000e+00, 4.36642637e-04, 1.00000000e+00,
 4.11724499e-04, 1.00000000e+00, 3.86054654e-04, 1.00000000e+00,
 3.59607382e-04, 1.00000000e+00, 3.32426875e-04, 1.00000000e+00,
 3.04512519e-04, 1.00000000e+00, 2.75862249e-04, 1.00000000e+00,
 2.46517264e-04, 1.00000000e+00, 2.16434386e-04, 1.00000000e+00,
 1.62087308e-04, 1.00000000e+00, 9.77265079e-05, 1.00000000e+00,
 3.27122780e-05, 1.00000000e+00, 4.28328258e-05, 1.00000000e+00,
 1.12821721e-04, 1.00000000e+00, 1.85756114e-04, 1.00000000e+00,
 2.60417087e-04, 1.00000000e+00, 3.36494667e-04, 1.00000000e+00,
 4.13799888e-04, 1.00000000e+00, 4.92002022e-04, 1.00000000e+00,
 5.70785144e-04, 1.00000000e+00, 6.49796545e-04, 1.00000000e+00,
 7.28713500e-04, 1.00000000e+00, 8.07263339e-04, 1.00000000e+00,
 8.85112574e-04, 1.00000000e+00, 1.01852809e-03, 1.00000000e+00,
 1.16504039e-03, 1.00000000e+00, 1.40813658e-03, 1.00000000e+00,
 1.55183864e-03, 1.00000000e+00, 1.64670381e-03, 1.00000000e+00,
 1.72373883e-03, 1.00000000e+00, 1.77581172e-03, 1.00000000e+00,
 1.79836699e-03, 1.00000000e+00, 1.81572063e-03, 1.00000000e+00,
 1.82779603e-03, 1.00000000e+00, 1.83452932e-03, 1.00000000e+00,
 1.83588808e-03, 1.00000000e+00, 1.83186819e-03, 1.00000000e+00,
 1.82248473e-03, 1.00000000e+00, 1.80778983e-03, 1.00000000e+00,
 1.78785363e-03, 1.00000000e+00, 1.75524162e-03, 1.00000000e+00,
 1.68775625e-03, 1.00000000e+00, 1.60167107e-03, 1.00000000e+00,
 1.49860647e-03, 1.00000000e+00, 1.27604432e-03, 1.00000000e+00,
 1.07193021e-03, 1.00000000e+00, 9.21068010e-04, 1.00000000e+00,
 8.24305969e-04, 1.00000000e+00, 7.45917351e-04, 1.00000000e+00,
 6.67083977e-04, 1.00000000e+00, 5.88109299e-04, 1.00000000e+00,
 5.09281787e-04, 1.00000000e+00, 4.30931986e-04, 1.00000000e+00,
 3.53452263e-04, 1.00000000e+00, 2.77210185e-04, 1.00000000e+00,
 2.02400073e-04, 1.00000000e+00, 1.29213054e-04, 1.00000000e+00,
 5.83866414e-05, 1.00000000e+00, 1.96786947e-05, 1.00000000e+00,
 8.24698285e-05, 1.00000000e+00, 1.47317320e-04, 1.00000000e+00,
 2.09882752e-04, 1.00000000e+00, 2.47673124e-04, 1.00000000e+00,
 2.77032971e-04, 1.00000000e+00, 3.05659946e-04, 1.00000000e+00,
 3.33546937e-04, 1.00000000e+00, 3.60680130e-04, 1.00000000e+00,
 3.87058605e-04, 1.00000000e+00, 4.12669620e-04, 1.00000000e+00,
 4.37500660e-04, 1.00000000e+00, 4.61539797e-04, 1.00000000e+00,
 4.84792762e-04, 1.00000000e+00, 5.07213923e-04, 1.00000000e+00,
 5.28814911e-04, 1.00000000e+00, 5.49594648e-04, 1.00000000e+00,
 5.69557798e-04, 1.00000000e+00, 6.02472231e-04, 1.00000000e+00,
 6.37088371e-04, 1.00000000e+00, 6.68324704e-04, 1.00000000e+00,
 6.96297019e-04, 1.00000000e+00, 7.21054557e-04, 1.00000000e+00,
 7.42615631e-04, 1.00000000e+00, 7.61054329e-04, 1.00000000e+00,
 7.76456574e-04, 1.00000000e+00, 7.88888767e-04, 1.00000000e+00,
 7.98458755e-04, 1.00000000e+00, 8.05293451e-04, 1.00000000e+00,
 8.09477605e-04, 1.00000000e+00, 8.11136717e-04, 1.00000000e+00,
 8.10402795e-04, 1.00000000e+00, 8.07410686e-04, 1.00000000e+00,
 7.96967456e-04, 1.00000000e+00, 7.78232867e-04, 1.00000000e+00,
 7.53076489e-04, 1.00000000e+00, 7.22609239e-04, 1.00000000e+00,
 6.87915386e-04, 1.00000000e+00, 6.50005720e-04, 1.00000000e+00,
 5.99447254e-04, 1.00000000e+00, 5.38870596e-04, 1.00000000e+00,
 4.70537747e-04, 1.00000000e+00, 3.64629854e-04, 1.00000000e+00,
 2.73478206e-04, 1.00000000e+00, 1.95454933e-04, 1.00000000e+00,
 1.45878739e-04, 1.00000000e+00, 1.04088551e-04, 1.00000000e+00,
 6.65831049e-05, 1.00000000e+00, 4.14397541e-05, 1.00000000e+00,
 2.27861504e-05, 1.00000000e+00, 1.06740407e-05, 1.00000000e+00,
 5.13356551e-06, 1.00000000e+00, 1.75071534e-06, 1.00000000e+00,
 8.22133255e-07, 1.00000000e+00, 5.26837478e-07, 1.00000000e+00,
 3.06288912e-07, 1.00000000e+00, 1.88971772e-07, 1.00000000e+00,
 9.90156315e-08, 1.00000000e+00, 5.63797627e-08, 1.00000000e+00,
 2.31106705e-08, 1.00000000e+00, 9.54817956e-09, 1.00000000e+00,
 4.47200663e-09, 1.00000000e+00, 3.66146786e-08, 1.00000000e+00,
 9.12310043e-10, 1.00000000e+00, 1.00000000e+00, 1.00000000e+00,
 1.00000000e+00, 1.00000000e+00, 6.80196604e-09, 1.00000000e+00,
 9.51201973e-09, 5.46719297e-09, 2.77943542e-08, 1.42986510e-08,
 5.45304208e-08, 3.92292429e-08, 1.02908556e-07, 7.30702152e-08,
 1.60612495e-07, 1.31975153e-07, 2.66334794e-07, 1.97493366e-07,
 4.87316956e-07, 3.58980013e-07, 1.17863078e-06, 7.15805710e-07,
 2.46999758e-06, 1.67295131e-06, 5.13132280e-06, 3.53370442e-06,
 1.24729845e-05, 8.52688678e-06, 2.31360109e-05, 1.81301625e-05,
 3.70083740e-05, 2.93566229e-05, 5.75158750e-05, 4.63181610e-05,
 8.64311712e-05, 7.08210151e-05, 1.25085935e-04, 1.04491666e-04,
 1.73717427e-04, 1.48205108e-04, 2.23194761e-04, 2.01347626e-04,
 2.60966958e-04, 2.45725940e-04, 2.91464620e-04, 2.76258063e-04,
 3.21075563e-04, 3.06459474e-04, 3.48526169e-04, 3.35156623e-04,
 3.72380315e-04, 3.61004495e-04, 3.82463644e-04, 3.77598597e-04,
 3.93878867e-04, 3.88564044e-04, 4.01854157e-04, 3.98331501e-04,
 4.05252638e-04, 4.04383113e-04, 4.06160776e-04, 4.05848983e-04,
 4.05891697e-04, 4.06177407e-04, 4.04392083e-04, 4.05298850e-04,
 4.01604587e-04, 4.03164344e-04, 3.97458218e-04, 3.99705843e-04,
 3.91904648e-04, 3.94860870e-04, 3.84900605e-04, 3.88587412e-04,
 3.76387395e-04, 3.80834322e-04, 3.66324252e-04, 3.71548392e-04,
 3.54690809e-04, 3.60704488e-04, 3.41440815e-04, 3.48267083e-04,
 3.26556946e-04, 3.34200479e-04, 3.10029013e-04, 3.18496257e-04,
 2.91846896e-04, 3.01140859e-04, 2.82132070e-04, 2.87041193e-04,
 2.72011945e-04, 2.77119495e-04, 2.61472380e-04, 2.66793414e-04,
 2.50523345e-04, 2.56048971e-04, 2.39174600e-04, 2.44904494e-04,
 2.27410237e-04, 2.33342908e-04, 2.15255420e-04, 2.21387197e-04,
 2.02698927e-04, 2.09025734e-04, 1.89768427e-04, 1.96286263e-04,
 1.76451026e-04, 1.83156462e-04, 1.62773946e-04, 1.69653030e-04,
 1.48720100e-04, 1.55792457e-04, 1.34305050e-04, 1.41557603e-04,
 1.19542977e-04, 1.26974738e-04, 1.04413029e-04, 1.12022117e-04,
 7.31446449e-05, 8.89493769e-05, 4.07074329e-05, 5.70516829e-05,
 9.48791046e-06, 2.43233428e-05, 2.98686309e-05, 1.34545650e-05,
 6.54108013e-05, 4.74363704e-05, 1.02117479e-04, 8.36446632e-05,
 1.39630457e-04, 1.20789208e-04, 1.77835257e-04, 1.58660583e-04,
 2.16630379e-04, 1.97170176e-04, 2.55823834e-04, 2.36178594e-04,
 2.95256515e-04, 2.75528933e-04, 3.34778888e-04, 3.15017915e-04,
 3.74208717e-04, 3.54504844e-04, 4.13408435e-04, 3.93855185e-04,
 4.52233018e-04, 4.32879735e-04, 5.28041042e-04, 4.90487333e-04,
 6.00337344e-04, 5.64703129e-04, 7.34522914e-04, 6.73614121e-04,
 7.88821790e-04, 7.63016851e-04, 8.34131460e-04, 8.12572341e-04,
 8.70320797e-04, 8.53418168e-04, 8.91046525e-04, 8.84765092e-04,
 9.01678374e-04, 8.96688637e-04, 9.09701421e-04, 9.06018909e-04,
 9.15074696e-04, 9.12721340e-04, 9.17770659e-04, 9.16758552e-04,
 9.17777750e-04, 9.18110583e-04, 9.15095560e-04, 9.16772631e-04,
 9.09735738e-04, 9.12749122e-04, 9.01729937e-04, 9.06059900e-04,
 8.91110258e-04, 8.96743369e-04, 8.70404508e-04, 8.84836919e-04,
 8.34243876e-04, 8.53512249e-04, 7.88968962e-04, 8.12702001e-04,
 7.35432109e-04, 7.63174485e-04, 6.01401950e-04, 6.74642838e-04,
 5.17503673e-04, 5.54426706e-04, 4.41322297e-04, 4.79745962e-04,
 4.02394673e-04, 4.21911445e-04, 3.63124917e-04, 3.82792520e-04,
 3.23672307e-04, 3.43411862e-04, 2.84185205e-04, 3.03924245e-04,
 2.44808678e-04, 2.64473413e-04, 2.05717995e-04, 2.25214592e-04,
 1.67107264e-04, 1.86346117e-04, 1.29163526e-04, 1.48048746e-04,
 9.19461715e-05, 1.10458781e-04, 5.55857301e-05, 7.36441483e-05,
 2.07193454e-05, 3.78483981e-05, 1.69176140e-05, 7.47601756e-06,
 4.94594461e-05, 3.30644580e-05, 8.16415087e-05, 6.56845283e-05,
 1.12597766e-04, 9.72877764e-05, 1.27552929e-04, 1.20120703e-04,
 1.42140237e-04, 1.34892983e-04, 1.56366192e-04, 1.49293940e-04,
 1.70211877e-04, 1.63335223e-04, 1.83684927e-04, 1.76995403e-04,
 1.96778963e-04, 1.90279721e-04, 2.09487817e-04, 2.03181922e-04,
 2.21805120e-04, 2.15695721e-04, 2.33724752e-04, 2.27814999e-04,
 2.45250016e-04, 2.39542814e-04, 2.56358535e-04, 2.50855409e-04,
 2.67056097e-04, 2.61758866e-04, 2.77343748e-04, 2.72250944e-04,
 2.87223359e-04, 2.82334530e-04, 3.05769160e-04, 2.96703277e-04,
 3.22662453e-04, 3.14425990e-04, 3.37856722e-04, 3.30468010e-04,
 3.51445285e-04, 3.44851841e-04, 3.63419777e-04, 3.57634888e-04,
 3.73805092e-04, 3.68810576e-04, 3.82640208e-04, 3.78414087e-04,
 3.89965380e-04, 3.86491223e-04, 3.95816387e-04, 3.93072454e-04,
 4.00251780e-04, 3.98207011e-04, 4.03333687e-04, 4.01959826e-04,
 4.05100191e-04, 4.04377433e-04, 4.05623861e-04, 4.05512883e-04,
 4.04964757e-04, 4.05438048e-04, 4.03195917e-04, 4.04214797e-04,
 3.96585761e-04, 4.00381819e-04, 3.86347266e-04, 3.91885711e-04,
 3.73036580e-04, 3.80039991e-04, 3.57207158e-04, 3.65402174e-04,
 3.39400457e-04, 3.48515038e-04, 3.20100592e-04, 3.29905198e-04,
 2.89400391e-04, 3.10047163e-04, 2.62760176e-04, 2.76110524e-04,
 2.24889545e-04, 2.45648452e-04, 1.68709356e-04, 1.95920913e-04,
 1.25192440e-04, 1.48286095e-04, 9.08417063e-05, 1.04613366e-04,
 6.74185131e-05, 7.84603302e-05, 4.64421040e-05, 5.76465711e-05,
 2.94604331e-05, 3.71227484e-05, 1.82113826e-05, 2.32284055e-05,
 8.57511435e-06, 1.42110762e-05, 4.02349467e-06, 6.65054676e-06,
 1.98239987e-06, 3.15117433e-06, 6.69090117e-07, 1.08165585e-06,
 3.59821248e-07, 4.62313106e-07, 2.37644326e-07, 2.89194289e-07,
 1.33464887e-07, 1.72824348e-07, 8.32990974e-08, 1.05671574e-07,
 4.51303520e-08, 5.38863441e-08, 2.36482359e-08, 3.27354089e-08,
 9.55666583e-09, 1.37064673e-08, 3.88438884e-09, 6.43650774e-09,
 1.13673175e-09, 3.68227160e-09, 1.60585197e-08, 3.86338462e-08,
 1.00000000e+00, 9.12310043e-10, 1.00000000e+00, 1.00000000e+00,
 1.00000000e+00, 1.00000000e+00, 6.80196604e-09, 1.00000000e+00,
 4.08591310e-09, 1.00000000e+00, 1.34972911e-08, 1.00000000e+00,
 1.53012994e-08, 1.00000000e+00, 2.98385380e-08, 1.00000000e+00,
 2.86375956e-08, 1.00000000e+00, 6.88430567e-08, 1.00000000e+00,
 1.28360845e-07, 1.00000000e+00, 4.62958256e-07, 1.00000000e+00,
 7.97097832e-07, 1.00000000e+00, 1.59761879e-06, 1.00000000e+00,
 3.94620145e-06, 1.00000000e+00, 5.00615883e-06, 1.00000000e+00,
 7.65240062e-06, 1.00000000e+00, 1.11989009e-05, 1.00000000e+00,
 1.56121603e-05, 1.00000000e+00, 2.05974042e-05, 1.00000000e+00,
 2.55170876e-05, 1.00000000e+00, 2.18522611e-05, 1.00000000e+00,
 1.52454373e-05, 1.00000000e+00, 1.52121176e-05, 1.00000000e+00,
 1.46229706e-05, 1.00000000e+00, 1.33783201e-05, 1.00000000e+00,
 1.13874615e-05, 1.00000000e+00, 4.87279840e-06, 1.00000000e+00,
 5.32917648e-06, 1.00000000e+00, 3.54571078e-06, 1.00000000e+00,
 8.95148059e-07, 1.00000000e+00, 3.77390576e-07, 1.00000000e+00,
 3.63603140e-07, 1.00000000e+00, 9.34530579e-07, 1.00000000e+00,
 1.57634059e-06, 1.00000000e+00, 2.26007992e-06, 1.00000000e+00,
 2.96603983e-06, 1.00000000e+00, 3.69510450e-06, 1.00000000e+00,
 4.45442865e-06, 1.00000000e+00, 5.23077396e-06, 1.00000000e+00,
 6.01989698e-06, 1.00000000e+00, 6.83221406e-06, 1.00000000e+00,
 7.64936059e-06, 1.00000000e+00, 8.47305705e-06, 1.00000000e+00,
 9.29995248e-06, 1.00000000e+00, 4.91222161e-06, 1.00000000e+00,
 5.11073569e-06, 1.00000000e+00, 5.32447861e-06, 1.00000000e+00,
 5.52926243e-06, 1.00000000e+00, 5.73382531e-06, 1.00000000e+00,
 5.93686597e-06, 1.00000000e+00, 6.13619645e-06, 1.00000000e+00,
 6.33162399e-06, 1.00000000e+00, 6.52311642e-06, 1.00000000e+00,
 6.71114498e-06, 1.00000000e+00, 6.88595120e-06, 1.00000000e+00,
 7.08094590e-06, 1.00000000e+00, 7.26350012e-06, 1.00000000e+00,
 7.44600833e-06, 1.00000000e+00, 7.62810047e-06, 1.00000000e+00,
 1.58739446e-05, 1.00000000e+00, 1.65379138e-05, 1.00000000e+00,
 1.71230176e-05, 1.00000000e+00, 1.76538805e-05, 1.00000000e+00,
 1.81324414e-05, 1.00000000e+00, 1.85336021e-05, 1.00000000e+00,
 1.88746774e-05, 1.00000000e+00, 1.91956498e-05, 1.00000000e+00,
 1.94739690e-05, 1.00000000e+00, 1.96547764e-05, 1.00000000e+00,
 1.97348138e-05, 1.00000000e+00, 1.97670033e-05, 1.00000000e+00,
 1.97089696e-05, 1.00000000e+00, 1.95575891e-05, 1.00000000e+00,
 1.93569087e-05, 1.00000000e+00, 3.75597106e-05, 1.00000000e+00,
 3.56390404e-05, 1.00000000e+00, 6.09153949e-05, 1.00000000e+00,
 2.58075490e-05, 1.00000000e+00, 2.15612354e-05, 1.00000000e+00,
 1.69041081e-05, 1.00000000e+00, 6.28211894e-06, 1.00000000e+00,
 4.99025889e-06, 1.00000000e+00, 3.68284983e-06, 1.00000000e+00,
 2.35351879e-06, 1.00000000e+00, 1.01229218e-06, 1.00000000e+00,
 3.32831126e-07, 1.00000000e+00, 1.67712889e-06, 1.00000000e+00,
 3.01346913e-06, 1.00000000e+00, 4.33026452e-06, 1.00000000e+00,
 5.63364694e-06, 1.00000000e+00, 1.44337531e-05, 1.00000000e+00,
 1.92702384e-05, 1.00000000e+00, 2.37354400e-05, 1.00000000e+00,
 2.77453280e-05, 1.00000000e+00, 7.32497036e-05, 1.00000000e+00,
 3.69284055e-05, 1.00000000e+00, 3.84307082e-05, 1.00000000e+00,
 1.95209482e-05, 1.00000000e+00, 1.96723949e-05, 1.00000000e+00,
 1.97454471e-05, 1.00000000e+00, 1.97460185e-05, 1.00000000e+00,
 1.96735592e-05, 1.00000000e+00, 1.95088357e-05, 1.00000000e+00,
 1.92577662e-05, 1.00000000e+00, 1.89152268e-05, 1.00000000e+00,
 1.85649172e-05, 1.00000000e+00, 1.81787876e-05, 1.00000000e+00,
 1.77365013e-05, 1.00000000e+00, 1.72321515e-05, 1.00000000e+00,
 1.66654191e-05, 1.00000000e+00, 1.60367411e-05, 1.00000000e+00,
 1.53475373e-05, 1.00000000e+00, 7.44518395e-06, 1.00000000e+00,
 7.25743022e-06, 1.00000000e+00, 7.08054160e-06, 1.00000000e+00,
 6.88381594e-06, 1.00000000e+00, 6.69577563e-06, 1.00000000e+00,
 6.50480493e-06, 1.00000000e+00, 6.31084482e-06, 1.00000000e+00,
 6.11383298e-06, 1.00000000e+00, 5.91388312e-06, 1.00000000e+00,
 5.71100159e-06, 1.00000000e+00, 5.50669719e-06, 1.00000000e+00,
 5.30061816e-06, 1.00000000e+00, 5.09606789e-06, 1.00000000e+00,
 4.89193477e-06, 1.00000000e+00, 9.07141407e-06, 1.00000000e+00,
 8.24211554e-06, 1.00000000e+00, 7.39529099e-06, 1.00000000e+00,
 6.59938954e-06, 1.00000000e+00, 5.79130418e-06, 1.00000000e+00,
 5.00135559e-06, 1.00000000e+00, 4.23357301e-06, 1.00000000e+00,
 3.48262016e-06, 1.00000000e+00, 2.75455801e-06, 1.00000000e+00,
 2.05796740e-06, 1.00000000e+00, 1.39256612e-06, 1.00000000e+00,
 7.57140804e-07, 1.00000000e+00, 2.46317308e-07, 1.00000000e+00,
 5.19965519e-07, 1.00000000e+00, 1.04031412e-06, 1.00000000e+00,
 3.81757775e-06, 1.00000000e+00, 5.55189402e-06, 1.00000000e+00,
 7.01325026e-06, 1.00000000e+00, 8.20268983e-06, 1.00000000e+00,
 9.12090390e-06, 1.00000000e+00, 9.80984199e-06, 1.00000000e+00,
 2.06552988e-05, 1.00000000e+00, 1.33546886e-05, 1.00000000e+00,
 2.07644342e-05, 1.00000000e+00, 2.72171104e-05, 1.00000000e+00,
 2.30975334e-05, 1.00000000e+00, 1.37736205e-05, 1.00000000e+00,
 1.10431893e-05, 1.00000000e+00, 1.12056551e-05, 1.00000000e+00,
 7.66296504e-06, 1.00000000e+00, 5.01733846e-06, 1.00000000e+00,
 5.63612987e-06, 1.00000000e+00, 2.62705336e-06, 1.00000000e+00,
 1.16880946e-06, 1.00000000e+00, 4.12687853e-07, 1.00000000e+00,
 1.02510457e-07, 1.00000000e+00, 5.15518868e-08, 1.00000000e+00,
 3.93595029e-08, 1.00000000e+00, 2.23707431e-08, 1.00000000e+00,
 8.75757760e-09, 1.00000000e+00, 9.08833385e-09, 1.00000000e+00,
 4.92473889e-09, 1.00000000e+00, 4.67785904e-09, 1.00000000e+00,
 3.11645740e-09, 1.00000000e+00, 4.64786449e-08, 1.00000000e+00,
 9.12310043e-10, 1.00000000e+00, 1.00000000e+00, 1.00000000e+00]

Scaler Spec Mean:
[ 0.00000000e+00,  0.00000000e+00,  5.84999915e-04,  0.00000000e+00,
  1.18918923e-03,  0.00000000e+00,  1.21461945e-03,  0.00000000e+00,
  1.24126173e-03,  0.00000000e+00,  1.26933841e-03,  0.00000000e+00,
  1.29616716e-03,  0.00000000e+00,  1.32528430e-03,  0.00000000e+00,
  1.36934426e-03,  0.00000000e+00,  1.42703625e-03,  0.00000000e+00,
  1.48748723e-03,  0.00000000e+00,  1.56036749e-03,  0.00000000e+00,
  1.70614282e-03,  0.00000000e+00,  1.92017757e-03,  0.00000000e+00,
  2.18681937e-03,  0.00000000e+00,  2.60959240e-03,  0.00000000e+00,
  3.27599212e-03,  0.00000000e+00,  4.31026934e-03,  0.00000000e+00,
  5.88006705e-03,  0.00000000e+00,  8.01383426e-03,  0.00000000e+00,
  1.01122369e-02,  0.00000000e+00,  1.19885981e-02,  0.00000000e+00,
  1.41937536e-02,  0.00000000e+00,  1.67615265e-02,  0.00000000e+00,
  1.97251671e-02,  0.00000000e+00,  2.17808015e-02,  0.00000000e+00,
  2.40895496e-02,  0.00000000e+00,  2.67749276e-02,  0.00000000e+00,
  2.93009342e-02,  0.00000000e+00,  3.08242647e-02,  0.00000000e+00,
  3.24036944e-02,  0.00000000e+00,  3.40389166e-02,  0.00000000e+00,
  3.57304247e-02,  0.00000000e+00,  3.74775442e-02,  0.00000000e+00,
  3.92797511e-02,  0.00000000e+00,  4.11359464e-02,  0.00000000e+00,
  4.30459643e-02,  0.00000000e+00,  4.50082875e-02,  0.00000000e+00,
  4.70216097e-02,  0.00000000e+00,  4.90843604e-02,  0.00000000e+00,
  5.11947507e-02,  0.00000000e+00,  5.33507856e-02,  0.00000000e+00,
  5.55502278e-02,  0.00000000e+00,  5.69450345e-02,  0.00000000e+00,
  5.80726492e-02,  0.00000000e+00,  5.92097511e-02,  0.00000000e+00,
  6.03564361e-02,  0.00000000e+00,  6.15109491e-02,  0.00000000e+00,
  6.26747412e-02,  0.00000000e+00,  6.38455446e-02,  0.00000000e+00,
  6.50248097e-02,  0.00000000e+00,  6.62102277e-02,  0.00000000e+00,
  6.74032669e-02,  0.00000000e+00,  6.86020626e-02,  0.00000000e+00,
  6.98066441e-02,  0.00000000e+00,  7.10170312e-02,  0.00000000e+00,
  7.22312772e-02,  0.00000000e+00,  7.34507988e-02,  0.00000000e+00,
  7.55929420e-02,  0.00000000e+00,  7.80509804e-02,  0.00000000e+00,
  8.05158396e-02,  0.00000000e+00,  8.29818102e-02,  0.00000000e+00,
  8.54451421e-02,  0.00000000e+00,  8.79000727e-02,  0.00000000e+00,
  9.03427034e-02,  0.00000000e+00,  9.27670035e-02,  0.00000000e+00,
  9.51686815e-02,  0.00000000e+00,  9.75413383e-02,  0.00000000e+00,
  9.98804099e-02,  0.00000000e+00,  1.02179910e-01,  0.00000000e+00,
  1.04433936e-01,  0.00000000e+00,  1.06637951e-01,  0.00000000e+00,
  1.08786067e-01,  0.00000000e+00,  1.12387885e-01,  0.00000000e+00,
  1.16244958e-01,  0.00000000e+00,  1.22434140e-01,  0.00000000e+00,
  1.25993947e-01,  0.00000000e+00,  1.28301091e-01,  0.00000000e+00,
  1.30152726e-01,  0.00000000e+00,  1.31393999e-01,  0.00000000e+00,
  1.31928550e-01,  0.00000000e+00,  1.32338659e-01,  0.00000000e+00,
  1.32623197e-01,  0.00000000e+00,  1.32781231e-01,  0.00000000e+00,
  1.32812313e-01,  0.00000000e+00,  1.32716380e-01,  0.00000000e+00,
  1.32493678e-01,  0.00000000e+00,  1.32144951e-01,  0.00000000e+00,
  1.31671168e-01,  0.00000000e+00,  1.30893690e-01,  0.00000000e+00,
  1.29275421e-01,  0.00000000e+00,  1.27190900e-01,  0.00000000e+00,
  1.24663141e-01,  0.00000000e+00,  1.19065474e-01,  0.00000000e+00,
  1.13770890e-01,  0.00000000e+00,  1.09725978e-01,  0.00000000e+00,
  1.07071301e-01,  0.00000000e+00,  1.04878225e-01,  0.00000000e+00,
  1.02633655e-01,  0.00000000e+00,  1.00343033e-01,  0.00000000e+00,
  9.80117762e-02,  0.00000000e+00,  9.56453582e-02,  0.00000000e+00,
  9.32488969e-02,  0.00000000e+00,  9.08284216e-02,  0.00000000e+00,
  8.83896837e-02,  0.00000000e+00,  8.59372161e-02,  0.00000000e+00,
  8.34758287e-02,  0.00000000e+00,  8.10102666e-02,  0.00000000e+00,
  7.85442855e-02,  0.00000000e+00,  7.60845954e-02,  0.00000000e+00,
  7.36349483e-02,  0.00000000e+00,  7.21106993e-02,  0.00000000e+00,
  7.08964834e-02,  0.00000000e+00,  6.96867247e-02,  0.00000000e+00,
  6.84823930e-02,  0.00000000e+00,  6.72844062e-02,  0.00000000e+00,
  6.60927096e-02,  0.00000000e+00,  6.49077282e-02,  0.00000000e+00,
  6.37298853e-02,  0.00000000e+00,  6.25596032e-02,  0.00000000e+00,
  6.13963778e-02,  0.00000000e+00,  6.02424809e-02,  0.00000000e+00,
  5.90973801e-02,  0.00000000e+00,  5.79614584e-02,  0.00000000e+00,
  5.68350636e-02,  0.00000000e+00,  5.48878949e-02,  0.00000000e+00,
  5.27017253e-02,  0.00000000e+00,  5.05597295e-02,  0.00000000e+00,
  4.84631939e-02,  0.00000000e+00,  4.64156964e-02,  0.00000000e+00,
  4.44173375e-02,  0.00000000e+00,  4.24712054e-02,  0.00000000e+00,
  4.05770025e-02,  0.00000000e+00,  3.87373165e-02,  0.00000000e+00,
  3.69515404e-02,  0.00000000e+00,  3.52217322e-02,  0.00000000e+00,
  3.35470016e-02,  0.00000000e+00,  3.19289620e-02,  0.00000000e+00,
  3.03664478e-02,  0.00000000e+00,  2.88603398e-02,  0.00000000e+00,
  2.63640054e-02,  0.00000000e+00,  2.37117198e-02,  0.00000000e+00,
  2.12744958e-02,  0.00000000e+00,  1.90456637e-02,  0.00000000e+00,
  1.70167669e-02,  0.00000000e+00,  1.51782253e-02,  0.00000000e+00,
  1.31471724e-02,  0.00000000e+00,  1.10847439e-02,  0.00000000e+00,
  9.16160771e-03,  0.00000000e+00,  6.73191020e-03,  0.00000000e+00,
  5.03422226e-03,  0.00000000e+00,  3.81454577e-03,  0.00000000e+00,
  3.14019559e-03,  0.00000000e+00,  2.62669831e-03,  0.00000000e+00,
  2.20360236e-03,  0.00000000e+00,  1.93685232e-03,  0.00000000e+00,
  1.74061031e-03,  0.00000000e+00,  1.60267861e-03,  0.00000000e+00,
  1.52311215e-03,  0.00000000e+00,  1.44071543e-03,  0.00000000e+00,
  1.38866603e-03,  0.00000000e+00,  1.35740310e-03,  0.00000000e+00,
  1.32368552e-03,  0.00000000e+00,  1.30009578e-03,  0.00000000e+00,
  1.27650084e-03,  0.00000000e+00,  1.26089618e-03,  0.00000000e+00,
  1.24515215e-03,  0.00000000e+00,  1.23759752e-03,  0.00000000e+00,
  1.24448477e-03,  0.00000000e+00,  1.28629004e-03,  0.00000000e+00,
  6.81623011e-04,  0.00000000e+00,  0.00000000e+00,  0.00000000e+00,
  0.00000000e+00,  0.00000000e+00, -5.84999915e-04,  0.00000000e+00,
 -5.97508230e-04, -5.91680997e-04, -6.11655998e-04, -6.02963446e-04,
 -6.24110757e-04, -6.17150977e-04, -6.38703132e-04, -6.30635282e-04,
 -6.50929205e-04, -6.45237956e-04, -6.67822804e-04, -6.57461491e-04,
 -6.90434365e-04, -6.78909899e-04, -7.22491275e-04, -7.04544972e-04,
 -7.51833853e-04, -7.35653378e-04, -7.91191084e-04, -7.69176405e-04,
 -8.74545536e-04, -8.31597287e-04, -9.86239081e-04, -9.33938490e-04,
 -1.13482436e-03, -1.05199501e-03, -1.37042492e-03, -1.23916748e-03,
 -1.74090324e-03, -1.53508888e-03, -2.31341788e-03, -1.99685147e-03,
 -3.17754336e-03, -2.70252369e-03, -4.26060410e-03, -3.75323015e-03,
 -5.27145344e-03, -4.84078344e-03, -6.24857729e-03, -5.74002077e-03,
 -7.39442897e-03, -6.79932465e-03, -8.72570358e-03, -8.03582293e-03,
 -1.02589570e-02, -9.46621006e-03, -1.11053560e-02, -1.06754455e-02,
 -1.23668646e-02, -1.17226851e-02, -1.37369286e-02, -1.30379991e-02,
 -1.48373053e-02, -1.44636289e-02, -1.56059763e-02, -1.52182886e-02,
 -1.64027036e-02, -1.60009907e-02, -1.72274889e-02, -1.68114278e-02,
 -1.80802221e-02, -1.76502026e-02, -1.89607088e-02, -1.85168355e-02,
 -1.98686592e-02, -1.94110918e-02, -2.08033150e-02, -2.03326313e-02,
 -2.17649356e-02, -2.12810287e-02, -2.27525552e-02, -2.22557323e-02,
 -2.37654980e-02, -2.32561117e-02, -2.48029408e-02, -2.42814196e-02,
 -2.58639705e-02, -2.53307802e-02, -2.69475560e-02, -2.64032295e-02,
 -2.80525533e-02, -2.74976746e-02, -2.86129188e-02, -2.83321157e-02,
 -2.91777080e-02, -2.88949412e-02, -2.97476491e-02, -2.94621020e-02,
 -3.03221099e-02, -3.00343263e-02, -3.09004355e-02, -3.06105136e-02,
 -3.14833514e-02, -3.11913900e-02, -3.20697199e-02, -3.17758248e-02,
 -3.26602669e-02, -3.23645428e-02, -3.32538365e-02, -3.29563910e-02,
 -3.38511637e-02, -3.35521032e-02, -3.44510729e-02, -3.41509897e-02,
 -3.50542989e-02, -3.47523454e-02, -3.56601280e-02, -3.53569033e-02,
 -3.62678223e-02, -3.59634551e-02, -3.68780877e-02, -3.65727111e-02,
 -3.81032690e-02, -3.74896729e-02, -3.93333740e-02, -3.87176063e-02,
 -4.05660536e-02, -3.99497860e-02, -4.17989438e-02, -4.11828663e-02,
 -4.30301672e-02, -4.24149747e-02, -4.42563420e-02, -4.36437308e-02,
 -4.54755032e-02, -4.48672003e-02, -4.66851009e-02, -4.60819026e-02,
 -4.78829549e-02, -4.72857266e-02, -4.90653698e-02, -4.84759684e-02,
 -5.02300707e-02, -4.96503392e-02, -5.13747627e-02, -5.08051473e-02,
 -5.24958067e-02, -5.19381289e-02, -5.35909479e-02, -5.30470035e-02,
 -5.46578968e-02, -5.41281705e-02, -5.66947729e-02, -5.56931127e-02,
 -5.85854751e-02, -5.76594830e-02, -6.19782349e-02, -6.04559052e-02,
 -6.33128045e-02, -6.26811426e-02, -6.44109746e-02, -6.38901165e-02,
 -6.52784165e-02, -6.48743091e-02, -6.57715526e-02, -6.56224463e-02,
 -6.60233129e-02, -6.59052375e-02, -6.62127749e-02, -6.61258845e-02,
 -6.63392742e-02, -6.62839229e-02, -6.64024407e-02, -6.63787901e-02,
 -6.64021035e-02, -6.64102092e-02, -6.63382645e-02, -6.63781154e-02,
 -6.62110999e-02, -6.62825785e-02, -6.60210712e-02, -6.61238796e-02,
 -6.57685830e-02, -6.59025844e-02, -6.52745253e-02, -6.56191652e-02,
 -6.44057573e-02, -6.48696639e-02, -6.33065403e-02, -6.38843601e-02,
 -6.19889884e-02, -6.26741525e-02, -5.85973680e-02, -6.04681062e-02,
 -5.63973871e-02, -5.73735029e-02, -5.43404729e-02, -5.53855052e-02,
 -5.32649471e-02, -5.38063535e-02, -5.21616317e-02, -5.27165930e-02,
 -5.10332508e-02, -5.16004042e-02, -4.98825222e-02, -5.04605108e-02,
 -4.87121533e-02, -4.92996229e-02, -4.75248972e-02, -4.81204610e-02,
 -4.63230824e-02, -4.69258144e-02, -4.51104194e-02, -4.57180020e-02,
 -4.38890273e-02, -4.45006565e-02, -4.26613807e-02, -4.32758355e-02,
 -4.14298689e-02, -4.20459598e-02, -4.01968623e-02, -4.08134044e-02,
 -3.89642388e-02, -3.95800467e-02, -3.77353531e-02, -3.83492422e-02,
 -3.65120805e-02, -3.71228677e-02, -3.59032843e-02, -3.62074152e-02,
 -3.52967614e-02, -3.55997222e-02, -3.46922904e-02, -3.49944344e-02,
 -3.40910717e-02, -3.43913212e-02, -3.34928379e-02, -3.37915684e-02,
 -3.28978025e-02, -3.31949071e-02, -3.23061776e-02, -3.26015505e-02,
 -3.17181750e-02, -3.20117103e-02, -3.11340053e-02, -3.14255979e-02,
 -3.05534175e-02, -3.08429603e-02, -2.99775438e-02, -3.02649370e-02,
 -2.94061176e-02, -2.96912625e-02, -2.88393265e-02, -2.91221318e-02,
 -2.82773410e-02, -2.85577226e-02, -2.71680099e-02, -2.77198850e-02,
 -2.60802971e-02, -2.66214283e-02, -2.50149635e-02, -2.55447660e-02,
 -2.39726039e-02, -2.44905899e-02, -2.29549940e-02, -2.34607024e-02,
 -2.19621565e-02, -2.24551811e-02, -2.09956013e-02, -2.14756041e-02,
 -2.00551578e-02, -2.05218447e-02, -1.91420938e-02, -1.95952227e-02,
 -1.82560781e-02, -1.86954623e-02, -1.73981145e-02, -1.78236178e-02,
 -1.65677407e-02, -1.69792609e-02, -1.57657337e-02, -1.61632283e-02,
 -1.49914971e-02, -1.53749506e-02, -1.42452933e-02, -1.46150464e-02,
 -1.28367168e-02, -1.35272886e-02, -1.15378610e-02, -1.21738588e-02,
 -1.03458880e-02, -1.09286078e-02, -9.25691011e-03, -9.78875362e-03,
 -8.26697878e-03, -8.74978815e-03, -7.37076662e-03, -7.80745862e-03,
 -6.19094681e-03, -6.95622564e-03, -5.33637893e-03, -5.74836497e-03,
 -4.31204765e-03, -4.84956004e-03, -3.08838485e-03, -3.64352534e-03,
 -2.32252120e-03, -2.71170106e-03, -1.80870476e-03, -2.00584101e-03,
 -1.49908100e-03, -1.64111459e-03, -1.24766812e-03, -1.37903018e-03,
 -1.06035900e-03, -1.14324336e-03, -9.42277734e-04, -9.94574588e-04,
 -8.40055452e-04, -9.00554854e-04, -7.84666335e-04, -8.18012276e-04,
 -7.51280514e-04, -7.71831637e-04, -7.11989999e-04, -7.28725429e-04,
 -6.89800707e-04, -6.98865323e-04, -6.75353368e-04, -6.82049730e-04,
 -6.58281521e-04, -6.65404003e-04, -6.47499054e-04, -6.52596730e-04,
 -6.36867826e-04, -6.39633016e-04, -6.28531916e-04, -6.32364259e-04,
 -6.21630181e-04, -6.23521965e-04, -6.18393455e-04, -6.19204069e-04,
 -6.24714615e-04, -6.19770153e-04, -6.51770150e-04, -6.34519887e-04,
  0.00000000e+00, -6.81623011e-04,  0.00000000e+00,  0.00000000e+00,
  0.00000000e+00,  0.00000000e+00,  5.84999915e-04,  0.00000000e+00,
  5.82723335e-06,  0.00000000e+00,  8.69255194e-06,  0.00000000e+00,
  6.95978018e-06,  0.00000000e+00,  8.06784880e-06,  0.00000000e+00,
  5.69124955e-06,  0.00000000e+00,  1.03613142e-05,  0.00000000e+00,
  1.15244662e-05,  0.00000000e+00,  1.79463036e-05,  0.00000000e+00,
  1.61804733e-05,  0.00000000e+00,  2.20146795e-05,  0.00000000e+00,
  4.29482476e-05,  0.00000000e+00,  5.23005906e-05,  0.00000000e+00,
  8.28293483e-05,  0.00000000e+00,  1.31257440e-04,  0.00000000e+00,
  2.05814355e-04,  0.00000000e+00,  3.16566403e-04,  0.00000000e+00,
  4.75019668e-04,  0.00000000e+00,  5.07373953e-04,  0.00000000e+00,
  4.30670012e-04,  0.00000000e+00,  5.08556522e-04,  0.00000000e+00,
  5.95104320e-04,  0.00000000e+00,  6.89880638e-04,  0.00000000e+00,
  7.92746982e-04,  0.00000000e+00,  4.29910537e-04,  0.00000000e+00,
  6.44179484e-04,  0.00000000e+00,  6.98929548e-04,  0.00000000e+00,
  3.73676441e-04,  0.00000000e+00,  3.87687663e-04,  0.00000000e+00,
  4.01712868e-04,  0.00000000e+00,  4.16061086e-04,  0.00000000e+00,
  4.30019468e-04,  0.00000000e+00,  4.43873233e-04,  0.00000000e+00,
  4.57567424e-04,  0.00000000e+00,  4.70683682e-04,  0.00000000e+00,
  4.83906895e-04,  0.00000000e+00,  4.96822965e-04,  0.00000000e+00,
  5.09386282e-04,  0.00000000e+00,  5.21521213e-04,  0.00000000e+00,
  5.33190250e-04,  0.00000000e+00,  5.44326486e-04,  0.00000000e+00,
  5.54878744e-04,  0.00000000e+00,  2.80803056e-04,  0.00000000e+00,
  2.82766807e-04,  0.00000000e+00,  2.85547087e-04,  0.00000000e+00,
  2.87783665e-04,  0.00000000e+00,  2.89921943e-04,  0.00000000e+00,
  2.91961339e-04,  0.00000000e+00,  2.93895119e-04,  0.00000000e+00,
  2.95724049e-04,  0.00000000e+00,  2.97445482e-04,  0.00000000e+00,
  2.99060327e-04,  0.00000000e+00,  3.00083235e-04,  0.00000000e+00,
  3.01953415e-04,  0.00000000e+00,  3.03224657e-04,  0.00000000e+00,
  3.04367197e-04,  0.00000000e+00,  3.05376507e-04,  0.00000000e+00,
  6.13596078e-04,  0.00000000e+00,  6.15767753e-04,  0.00000000e+00,
  6.16267563e-04,  0.00000000e+00,  6.16077409e-04,  0.00000000e+00,
  6.15192607e-04,  0.00000000e+00,  6.12611185e-04,  0.00000000e+00,
  6.08302906e-04,  0.00000000e+00,  6.03198322e-04,  0.00000000e+00,
  5.97228325e-04,  0.00000000e+00,  5.89401357e-04,  0.00000000e+00,
  5.79731473e-04,  0.00000000e+00,  5.69615533e-04,  0.00000000e+00,
  5.57677735e-04,  0.00000000e+00,  5.43944258e-04,  0.00000000e+00,
  5.29726347e-04,  0.00000000e+00,  1.00166011e-03,  0.00000000e+00,
  9.25991995e-04,  0.00000000e+00,  1.52232967e-03,  0.00000000e+00,
  6.31661937e-04,  0.00000000e+00,  5.20858196e-04,  0.00000000e+00,
  4.04107280e-04,  0.00000000e+00,  1.49106221e-04,  0.00000000e+00,
  1.18075516e-04,  0.00000000e+00,  8.68903526e-05,  0.00000000e+00,
  5.53513772e-05,  0.00000000e+00,  2.36506269e-05,  0.00000000e+00,
 -8.10574374e-06,  0.00000000e+00, -3.98507452e-05,  0.00000000e+00,
 -7.14785144e-05,  0.00000000e+00, -1.02808475e-04,  0.00000000e+00,
 -1.34001494e-04,  0.00000000e+00, -3.44639947e-04,  0.00000000e+00,
 -4.63906703e-04,  0.00000000e+00, -5.77819851e-04,  0.00000000e+00,
 -6.85164206e-04,  0.00000000e+00, -1.87073824e-03,  0.00000000e+00,
 -9.76115886e-04,  0.00000000e+00, -1.04503213e-03,  0.00000000e+00,
 -5.41406457e-04,  0.00000000e+00, -5.54961357e-04,  0.00000000e+00,
 -5.67153327e-04,  0.00000000e+00, -5.77988523e-04,  0.00000000e+00,
 -5.87469568e-04,  0.00000000e+00, -5.95563835e-04,  0.00000000e+00,
 -6.02732112e-04,  0.00000000e+00, -6.07582593e-04,  0.00000000e+00,
 -6.11629174e-04,  0.00000000e+00, -6.14454746e-04,  0.00000000e+00,
 -6.16090846e-04,  0.00000000e+00, -6.16542097e-04,  0.00000000e+00,
 -6.15807968e-04,  0.00000000e+00, -6.13889046e-04,  0.00000000e+00,
 -6.10787251e-04,  0.00000000e+00, -3.04131000e-04,  0.00000000e+00,
 -3.02960714e-04,  0.00000000e+00, -3.02144059e-04,  0.00000000e+00,
 -3.00249574e-04,  0.00000000e+00, -2.98730422e-04,  0.00000000e+00,
 -2.97104609e-04,  0.00000000e+00, -2.95372876e-04,  0.00000000e+00,
 -2.93535389e-04,  0.00000000e+00, -2.91592521e-04,  0.00000000e+00,
 -2.89542864e-04,  0.00000000e+00, -2.87393214e-04,  0.00000000e+00,
 -2.85144926e-04,  0.00000000e+00, -2.82805327e-04,  0.00000000e+00,
 -2.80381566e-04,  0.00000000e+00, -5.51875145e-04,  0.00000000e+00,
 -5.41131205e-04,  0.00000000e+00, -5.29802583e-04,  0.00000000e+00,
 -5.17985980e-04,  0.00000000e+00, -5.05708374e-04,  0.00000000e+00,
 -4.93024652e-04,  0.00000000e+00, -4.80002723e-04,  0.00000000e+00,
 -4.66686800e-04,  0.00000000e+00, -4.53129000e-04,  0.00000000e+00,
 -4.39384202e-04,  0.00000000e+00, -4.25503381e-04,  0.00000000e+00,
 -4.11520216e-04,  0.00000000e+00, -3.97494710e-04,  0.00000000e+00,
 -3.83453519e-04,  0.00000000e+00, -3.69753100e-04,  0.00000000e+00,
 -6.90571825e-04,  0.00000000e+00, -6.35997841e-04,  0.00000000e+00,
 -5.82719808e-04,  0.00000000e+00, -5.31843508e-04,  0.00000000e+00,
 -4.82809387e-04,  0.00000000e+00, -4.36691981e-04,  0.00000000e+00,
 -7.65278832e-04,  0.00000000e+00, -4.11986043e-04,  0.00000000e+00,
 -5.37512390e-04,  0.00000000e+00, -5.55140487e-04,  0.00000000e+00,
 -3.89179860e-04,  0.00000000e+00, -1.97136250e-04,  0.00000000e+00,
 -1.42033585e-04,  0.00000000e+00, -1.31362055e-04,  0.00000000e+00,
 -8.28843647e-05,  0.00000000e+00, -5.22968546e-05,  0.00000000e+00,
 -6.04994033e-05,  0.00000000e+00, -3.33459421e-05,  0.00000000e+00,
 -2.05511228e-05,  0.00000000e+00, -1.67354303e-05,  0.00000000e+00,
 -9.06461686e-06,  0.00000000e+00, -6.69636205e-06,  0.00000000e+00,
 -7.12248146e-06,  0.00000000e+00, -5.09767497e-06,  0.00000000e+00,
 -2.76518907e-06,  0.00000000e+00, -3.83234389e-06,  0.00000000e+00,
 -1.89178443e-06,  0.00000000e+00, -8.10614958e-07,  0.00000000e+00,
  4.94446186e-06,  0.00000000e+00,  1.72502632e-05,  0.00000000e+00,
 -6.81623011e-04,  0.00000000e+00,  0.00000000e+00,  0.00000000e+00]